22324
22323
22322
22320
22316
22315
//22314
22313
22312
22311
22310
22308
22307
22306
22292 #n_rows 0
//22291
22290
22289
22288
22287
22285
22284
22283
22282
22281
22280
22278
22277
22276
22275
22274
22273
22272
//22271
22270
22269
22268
22267
22266
22263
22262
22260
22259
22258
22257
//22246 #n_rows 0
//22245 #n_rows 0
22242 #n_rows 0
//22241 #n_rows 0
22217
22214
22213
22212
22211
22210
22209
22208
22207
22206
22205
22204
22203
22202
22201
22199
22196
22195
22194
22193
22192
22180
22179
22178
22177
22176
22175
22174
22173
22172
22171
22170
22169
22168
22165
22164
22162
22157 #n_rows 0
22156
22151
22147
22146
22145
22144
22143
22142
22140
22139
22138
22137
22136
//22133
//22132
//22130
//22129
//22128
//22127
//22126
22121
22120
22119
22090
22089
22088
22087
22084
22083
22081
22077
22076
22075
22074
22072
22071
22069
22064
22049
22004
22002
22001
22000
21999
21992
21991
21990
21989
21988
21987
21984
21983
21982 #n_rows 0
21981 #n_rows 0
21977 #n_rows 0
21976 #n_rows 0
21957 #n_rows 0
21956 #n_rows 0
21954 #n_rows 0
21952 #n_rows 0 
21950 #n_rows 0
21949 #n_rows 0
21947 #n_rows 0
21946 #n_rows 0
21945 #n_rows 0
21944 #n_rows 0
//21942 #n_rows 0
21938 #n_rows 0
21927
21926
21919
21918
21917
21912
21911
21910
//21815 #n_rows 0
21813 #n_rows 0
21812 #n_rows 0
21810 #n_rows 0
21809 #n_rows 0
21808 #n_rows 0
21806
21805
21804
21801
21800
21799
21798
21797
21796
21795
21794
21793
21792
21791
21790
21788
21787
21785
21784
21783
21782
21773
21772
21764 #n_rows 0
21758 #n_rows 0
21751
21750
21749
21748
//21747
21746
21744
21742
21741
21740
21739
21738
21737
21735
21733
21724
21723
