23114	01 29 2016 08 33 08
23112	01 29 2016 05 08 16
23111	01 29 2016 02 17 47
23110	01 28 2016 23 10 45
23088	01 27 2016 13 56 20
23088	01 27 2016 13 56 20
23085	01 27 2016 03 38 20
23084	01 27 2016 00 44 34
23083	01 26 2016 22 34 26
23082	01 26 2016 19 35 27
23081	01 26 2016 16 30 35
23080	01 26 2016 13 39 01
23079	01 26 2016 08 31 00
23078	01 26 2016 05 26 55
23078	01 26 2016 05 26 55
23077	01 25 2016 19 56 34
23071	01 25 2016 04 26 40
23070	01 25 2016 01 31 12
23069	01 24 2016 22 42 53
23068	01 24 2016 19 51 41
23067	01 24 2016 17 02 34
23062	01 24 2016 13 39 53
23061	01 24 2016 10 42 04
23061	01 24 2016 10 42 04
23060	01 24 2016 07 52 27
23059	01 24 2016 05 01 45
23058	01 24 2016 02 07 18
23056	01 23 2016 20 00 29
23055	01 23 2016 17 10 28
23054	01 23 2016 14 23 56
23052	01 23 2016 11 01 11
23051	01 23 2016 08 08 26
23051	01 23 2016 08 08 26
23050	01 23 2016 05 18 29
23049	01 23 2016 02 26 23
23048	01 22 2016 23 32 43
23047	01 22 2016 20 42 44
23046	01 22 2016 15 23 07
23045	01 22 2016 12 37 15
23044	01 22 2016 10 10 00
23043	01 22 2016 07 22 01
23043	01 22 2016 07 22 01
23042	01 22 2016 03 23 39
23041	01 22 2016 01 17 30
23039	01 21 2016 23 00 01
23038	01 21 2016 18 15 59
23015	01 17 2016 17 11 33
23013	01 17 2016 14 35 20
23011	01 17 2016 10 04 30
23010	01 17 2016 08 09 39
23010	01 17 2016 08 09 39
23009	01 17 2016 05 23 11
23008	01 17 2016 02 27 17
22973	12 23 2015 14 25 17
22972	12 23 2015 11 04 19
22971	12 23 2015 08 52 10
22970	12 23 2015 05 55 04
22969	12 23 2015 02 57 14
22968	12 23 2015 00 00 28
22968	12 23 2015 00 00 28
22967	12 22 2015 20 39 59
22966	12 22 2015 18 31 56
22964	12 22 2015 13 46 21
22956	12 21 2015 17 45 38
22952	12 21 2015 03 46 12
22951	12 21 2015 00 52 47
22950	12 20 2015 21 55 38
22949	12 20 2015 18 55 19
22949	12 20 2015 18 55 19
22948	12 20 2015 15 43 46
22947	12 20 2015 12 11 51
22946	12 20 2015 09 08 35
22945	12 20 2015 06 02 37
22944	12 20 2015 03 01 08
22943	12 20 2015 00 07 46
22940	12 19 2015 15 37 31
22939	12 19 2015 12 39 15
22939	12 19 2015 12 39 15
22937	12 19 2015 08 36 20
22936	12 19 2015 05 44 51
22934	12 19 2015 01 24 02
22932	12 18 2015 20 57 28
22931	12 18 2015 18 00 39
22930	12 18 2015 15 09 32
22929	12 18 2015 12 12 34
22928	12 18 2015 09 25 37
22928	12 18 2015 09 25 37
22927	12 18 2015 06 24 24
22925	12 18 2015 02 01 03
22923	12 17 2015 21 32 50
22922	12 17 2015 18 38 52
22913	12 16 2015 19 40 43
22912	12 16 2015 16 16 26
22909	12 16 2015 01 03 31
22908	12 15 2015 22 20 14
22908	12 15 2015 22 20 14
22907	12 15 2015 19 29 50
22906	12 15 2015 16 35 56
22905	12 15 2015 13 37 30
22903	12 15 2015 10 28 55
22902	12 15 2015 07 28 43
22901	12 15 2015 04 30 14
22900	12 15 2015 01 35 31
22899	12 14 2015 22 48 33
22899	12 14 2015 22 48 33
22894	12 14 2015 03 12 48
22893	12 14 2015 00 17 06
22892	12 13 2015 21 20 06
22891	12 13 2015 18 24 34
22890	12 13 2015 15 28 48
22889	12 13 2015 12 34 50
22887	12 13 2015 07 59 15
22885	12 13 2015 03 50 35
22885	12 13 2015 03 50 35
22883	12 12 2015 19 38 40
22882	12 12 2015 16 45 33
22881	12 12 2015 13 51 00
22880	12 12 2015 10 58 09
22879	12 12 2015 09 26 12
22878	12 12 2015 06 23 20
22877	12 12 2015 03 29 59
22876	12 12 2015 00 35 59
22876	12 12 2015 00 35 59
22875	12 11 2015 21 41 52
22874	12 11 2015 18 47 39
22873	12 11 2015 15 53 16
22871	12 11 2015 10 52 25
22867	12 11 2015 02 19 02
22865	12 10 2015 14 36 18
22861	12 10 2015 03 11 41
22860	12 10 2015 00 40 48
22860	12 10 2015 00 40 48
22858	12 09 2015 19 48 15
22857	12 09 2015 16 47 09
22856	12 09 2015 13 52 20
22855	12 09 2015 10 48 59
22854	12 09 2015 07 54 05
22853	12 09 2015 05 04 42
22852	12 09 2015 02 09 18
22851	12 08 2015 23 14 37
22851	12 08 2015 23 14 37
22850	12 08 2015 20 17 55
22849	12 08 2015 17 28 04
22848	12 08 2015 14 32 37
22847	12 08 2015 11 37 49
22845	12 08 2015 09 02 52
22791	11 30 2015 04 23 23
22790	11 30 2015 01 36 17
22789	11 29 2015 22 42 01
22789	11 29 2015 22 42 01
22788	11 29 2015 19 47 56
22787	11 29 2015 16 52 41
22786	11 29 2015 14 02 17
22785	11 29 2015 11 08 41
22784	11 29 2015 08 15 03
22783	11 29 2015 05 20 34
22782	11 29 2015 02 21 45
22781	11 28 2015 23 28 10
22781	11 28 2015 23 28 10
22780	11 28 2015 20 34 33
22777	11 28 2015 11 39 12
22776	11 28 2015 08 31 32
22775	11 28 2015 05 32 01
22774	11 28 2015 02 20 51
22773	11 27 2015 23 17 43
22772	11 27 2015 20 24 05
22767	11 27 2015 12 52 31
22767	11 27 2015 12 52 31
22766	11 27 2015 09 46 38
22762	11 27 2015 03 53 41
22761	11 27 2015 00 50 06
22760	11 26 2015 21 54 24
22759	11 26 2015 18 55 48
22758	11 26 2015 16 01 50
22757	11 26 2015 13 20 56
22752	11 26 2015 04 31 55
22752	11 26 2015 04 31 55
22751	11 26 2015 01 48 41
22750	11 25 2015 22 46 23
22749	11 25 2015 19 44 55
22746	11 25 2015 14 25 07
22745	11 25 2015 11 25 09
22744	11 25 2015 08 24 54
22740	11 25 2015 02 55 37
22739	11 25 2015 00 00 22
22739	11 25 2015 00 00 22
22738	11 24 2015 21 06 06
22737	11 24 2015 18 00 45
22736	11 24 2015 14 54 50
22735	11 24 2015 11 46 24
22734	11 24 2015 08 15 02
22727	11 23 2015 02 33 10
22726	11 22 2015 23 38 16
22725	11 22 2015 20 37 50
22725	11 22 2015 20 37 50
22724	11 22 2015 17 50 37
22723	11 22 2015 14 57 15
22721	11 22 2015 10 40 33
22720	11 22 2015 06 30 43
22719	11 22 2015 02 49 33
22718	11 21 2015 23 31 35
22717	11 21 2015 19 59 51
22716	11 21 2015 15 58 25
22716	11 21 2015 15 58 25
22715	11 21 2015 12 24 20
22714	11 21 2015 08 46 11
22713	11 21 2015 04 38 44
22712	11 21 2015 00 59 34
22711	11 20 2015 21 18 20
22710	11 20 2015 17 43 49
22709	11 20 2015 08 39 01
22708	11 20 2015 06 32 28
22708	11 20 2015 06 32 28
22707	11 20 2015 03 03 25
22706	11 19 2015 23 37 09
22705	11 19 2015 20 06 29
22704	11 19 2015 16 32 53
22698	11 19 2015 03 30 43
22697	11 19 2015 01 28 43
22696	11 18 2015 21 49 39
22695	11 18 2015 18 58 51
22695	11 18 2015 18 58 51
22694	11 18 2015 15 19 11
22693	11 18 2015 11 44 45
22692	11 18 2015 08 24 04
22690	11 18 2015 03 46 00
22689	11 18 2015 00 18 23
22687	11 17 2015 17 00 22
22686	11 17 2015 13 12 27
22574	11 02 2015 05 35 54
22574	11 02 2015 05 35 54
22573	11 02 2015 02 34 13
22572	11 01 2015 21 42 47
22571	11 01 2015 18 40 35
22570	11 01 2015 15 28 29
22569	11 01 2015 12 11 38
22568	11 01 2015 09 00 48
22567	11 01 2015 05 53 00
22566	11 01 2015 02 45 00
22566	11 01 2015 02 45 00
22565	10 31 2015 23 37 16
22564	10 31 2015 20 28 46
22557	10 31 2015 00 35 11
22556	10 30 2015 21 34 42
22555	10 30 2015 18 33 19
22553	10 30 2015 13 31 52
22552	10 30 2015 10 10 13
22549	10 30 2015 03 27 29
22549	10 30 2015 03 27 29
22542	10 29 2015 05 03 53
22541	10 29 2015 01 47 35
22540	10 28 2015 22 36 48
22539	10 28 2015 18 04 46
22538	10 28 2015 14 43 56
22537	10 28 2015 11 25 06
22535	10 28 2015 05 42 51
22534	10 28 2015 02 26 05
22534	10 28 2015 02 26 05
22533	10 27 2015 23 04 58
22532	10 27 2015 19 42 59
22531	10 27 2015 16 23 01
22530	10 27 2015 13 14 51
22528	10 27 2015 05 48 06
22527	10 27 2015 02 34 19
22526	10 26 2015 23 20 34
22525	10 26 2015 20 00 11
22525	10 26 2015 20 00 11
22524	10 26 2015 16 49 59
22515	10 26 2015 03 56 28
22514	10 26 2015 00 49 11
22513	10 25 2015 21 30 00
22512	10 25 2015 18 14 41
22511	10 25 2015 14 49 22
22510	10 25 2015 11 34 24
22508	10 25 2015 05 42 10
22508	10 25 2015 05 42 10
22507	10 25 2015 02 32 21
22506	10 24 2015 23 24 06
22505	10 24 2015 20 05 16
22504	10 24 2015 16 44 44
22502	10 24 2015 12 38 04
22501	10 24 2015 09 03 48
22500	10 24 2015 05 50 01
22499	10 24 2015 02 35 50
22499	10 24 2015 02 35 50
22498	10 23 2015 23 08 58
22496	10 23 2015 18 05 04
22495	10 23 2015 14 03 16
22494	10 23 2015 09 29 10
22493	10 23 2015 05 27 51
22492	10 23 2015 01 25 34
22491	10 22 2015 21 23 07
22490	10 22 2015 17 21 26
22490	10 22 2015 17 21 26
22489	10 22 2015 14 54 35
22483	10 22 2015 02 17 32
22482	10 21 2015 22 25 05
22481	10 21 2015 18 13 28
22480	10 21 2015 14 22 31
22479	10 21 2015 10 25 10
22478	10 21 2015 08 13 08
22477	10 21 2015 03 23 46
22477	10 21 2015 03 23 46
22474	10 20 2015 20 22 39
22471	10 20 2015 17 30 16
22469	10 20 2015 06 57 42
22468	10 20 2015 03 45 28
22457	10 19 2015 01 11 17
22455	10 18 2015 19 56 13
22453	10 18 2015 15 58 43
22452	10 18 2015 13 24 00
22452	10 18 2015 13 24 00
22451	10 18 2015 09 03 51
22450	10 18 2015 03 50 23
22449	10 17 2015 22 41 57
22447	10 17 2015 18 46 17
22446	10 17 2015 16 28 49
22445	10 17 2015 12 32 38
22439	10 16 2015 23 38 14
22413	10 15 2015 00 22 44
22324	07 08 2015 21 11 57
22323	07 08 2015 17 38 43
22322	07 08 2015 15 36 30
22322	07 08 2015 15 36 30
22320	07 08 2015 10 32 49
22316	07 08 2015 04 06 34
22315	07 08 2015 00 29 27
22314	07 07 2015 21 14 56
22313	07 07 2015 18 01 33
22312	07 07 2015 14 47 03
22311	07 07 2015 11 18 34
22310	07 07 2015 07 36 15
22310	07 07 2015 07 36 15
22308	07 07 2015 02 27 01
22307	07 06 2015 20 18 44
22306	07 06 2015 16 13 57
22292	07 06 2015 02 33 31
22291	07 05 2015 20 10 01
22290	07 05 2015 17 00 17
22289	07 05 2015 13 44 29
22288	07 05 2015 10 21 32
22288	07 05 2015 10 21 32
22287	07 05 2015 06 57 29
22285	07 05 2015 02 06 15
22284	07 04 2015 22 48 24
22283	07 04 2015 19 09 16
22282	07 04 2015 15 48 47
22281	07 04 2015 12 33 40
22280	07 04 2015 09 25 14
22278	07 04 2015 07 07 34
22278	07 04 2015 07 07 34
22277	07 04 2015 05 26 41
22276	07 04 2015 02 16 48
22275	07 04 2015 00 23 58
22274	07 03 2015 21 09 17
22273	07 03 2015 17 57 22
22272	07 03 2015 14 48 31
22271	07 03 2015 11 31 50
22270	07 03 2015 08 33 53
22270	07 03 2015 08 33 53
22269	07 03 2015 05 18 03
22268	07 03 2015 02 01 24
22267	07 02 2015 22 38 09
22266	07 02 2015 19 24 16
22263	07 02 2015 13 56 27
22262	07 02 2015 10 43 15
22260	07 02 2015 05 15 27
22259	07 02 2015 01 59 32
22259	07 02 2015 01 59 32
22258	07 01 2015 22 46 29
22257	07 01 2015 19 29 15
22246	06 30 2015 21 10 15
22245	06 30 2015 17 58 19
22242	06 30 2015 13 46 06
22241	06 30 2015 09 20 51
22217	06 29 2015 03 39 49
22214	06 28 2015 22 32 29
22214	06 28 2015 22 32 29
22213	06 28 2015 19 16 40
22212	06 28 2015 17 15 22
22211	06 28 2015 14 16 10
22210	06 28 2015 10 51 05
22209	06 28 2015 07 44 43
22208	06 28 2015 04 42 11
22207	06 28 2015 01 26 31
22206	06 27 2015 22 17 13
22206	06 27 2015 22 17 13
22205	06 27 2015 18 34 42
22204	06 27 2015 15 08 03
22203	06 27 2015 11 47 13
22202	06 27 2015 08 18 36
22201	06 27 2015 04 52 43
22199	06 27 2015 01 00 51
22196	06 26 2015 12 21 06
22195	06 26 2015 08 58 44
22195	06 26 2015 08 58 44
22194	06 26 2015 05 53 38
22193	06 26 2015 02 45 36
22192	06 25 2015 23 41 58
22180	06 25 2015 02 18 42
22179	06 24 2015 23 06 10
22178	06 24 2015 19 36 11
22177	06 24 2015 16 18 27
22176	06 24 2015 12 49 03
22176	06 24 2015 12 49 03
22175	06 24 2015 09 25 55
22174	06 24 2015 06 16 59
22173	06 24 2015 03 06 09
22172	06 23 2015 23 58 01
22171	06 23 2015 20 38 25
22170	06 23 2015 17 22 18
22169	06 23 2015 14 00 02
22168	06 23 2015 10 49 06
22168	06 23 2015 10 49 06
22165	06 23 2015 05 50 23
22164	06 23 2015 02 11 06
22162	06 22 2015 22 16 39
22157	06 22 2015 05 32 55
22156	06 22 2015 02 23 25
22151	06 21 2015 16 49 08
22147	06 21 2015 04 12 53
22146	06 21 2015 00 51 04
22146	06 21 2015 00 51 04
22145	06 20 2015 20 51 16
22144	06 20 2015 17 39 01
22143	06 20 2015 14 01 04
22142	06 20 2015 10 33 22
22140	06 20 2015 05 06 46
22139	06 20 2015 01 45 38
22138	06 19 2015 22 14 55
22137	06 19 2015 18 46 10
22137	06 19 2015 18 46 10
22136	06 19 2015 15 23 48
22133	06 19 2015 09 39 12
22132	06 19 2015 06 55 54
22130	06 19 2015 01 46 11
22129	06 18 2015 22 36 15
22128	06 18 2015 19 20 42
22127	06 18 2015 17 18 27
22126	06 18 2015 14 03 20
22126	06 18 2015 14 03 20
22121	06 18 2015 02 50 14
22120	06 17 2015 23 22 57
22119	06 17 2015 20 10 45
22090	06 15 2015 00 23 35
22089	06 14 2015 21 02 04
22088	06 14 2015 18 26 25
22087	06 14 2015 15 03 16
22084	06 14 2015 04 59 18
22084	06 14 2015 04 59 18
22083	06 14 2015 01 20 08
22081	06 13 2015 18 12 34
22077	06 13 2015 07 36 14
22076	06 13 2015 05 35 21
22075	06 13 2015 02 14 25
22074	06 12 2015 22 45 37
22072	06 12 2015 19 25 02
22071	06 12 2015 17 12 27
22071	06 12 2015 17 12 27
22069	06 12 2015 11 00 32
22064	06 11 2015 22 45 43
22049	06 10 2015 06 21 49
22004	06 01 2015 01 53 41
22002	05 31 2015 19 58 11
22001	05 31 2015 17 51 37
22000	05 31 2015 14 28 18
21999	05 31 2015 10 45 58
21999	05 31 2015 10 45 58
21992	05 31 2015 03 31 01
21991	05 31 2015 00 23 16
21990	05 30 2015 21 07 01
21989	05 30 2015 17 05 21
21988	05 30 2015 14 55 25
21987	05 30 2015 11 31 11
21984	05 30 2015 02 17 42
21983	05 29 2015 22 06 55
21983	05 29 2015 22 06 55
21982	05 29 2015 20 12 13
21981	05 29 2015 17 41 07
21977	05 29 2015 04 11 40
21976	05 28 2015 20 59 38
21957	05 28 2015 05 10 25
21956	05 28 2015 01 50 48
21954	05 27 2015 21 35 45
21952	05 27 2015 17 12 59
21952	05 27 2015 17 12 59
21950	05 27 2015 14 08 48
21949	05 27 2015 10 30 07
21947	05 27 2015 06 09 09
21946	05 27 2015 01 38 45
21945	05 26 2015 22 09 20
21944	05 26 2015 18 50 47
21942	05 26 2015 11 32 28
21938	05 26 2015 04 14 37
21938	05 26 2015 04 14 37
21927	05 25 2015 01 39 50
21926	05 24 2015 22 25 14
21919	05 24 2015 11 10 53
21918	05 24 2015 08 05 10
21917	05 24 2015 05 02 19
21912	05 23 2015 12 06 57
21911	05 23 2015 08 59 10
21910	05 23 2015 06 14 32
21910	05 23 2015 06 14 32
21815	05 12 2015 04 17 46
21813	05 11 2015 21 48 19
21812	05 11 2015 18 22 45
21810	05 11 2015 13 39 18
21809	05 11 2015 10 12 11
21808	05 11 2015 06 52 11
21806	05 11 2015 01 58 27
21805	05 10 2015 23 30 25
21805	05 10 2015 23 30 25
21804	05 10 2015 20 03 09
21801	05 10 2015 09 02 02
21800	05 10 2015 05 56 06
21799	05 10 2015 02 47 16
21798	05 09 2015 23 11 47
21797	05 09 2015 19 33 20
21796	05 09 2015 16 15 35
21795	05 09 2015 13 03 07
21795	05 09 2015 13 03 07
21794	05 09 2015 09 47 20
21793	05 09 2015 06 53 18
21792	05 09 2015 03 38 30
21791	05 09 2015 00 20 04
21790	05 08 2015 21 12 28
21788	05 08 2015 15 42 47
21787	05 08 2015 12 34 18
21785	05 08 2015 06 04 18
21785	05 08 2015 06 04 18
21784	05 08 2015 02 52 23
21783	05 07 2015 23 37 25
21782	05 07 2015 20 49 52
21773	05 07 2015 03 23 18
21772	05 07 2015 00 14 00
21764	05 05 2015 04 51 02
21758	05 04 2015 08 35 00
21751	05 03 2015 06 49 19
21751	05 03 2015 06 49 19
21750	05 03 2015 03 49 05
21749	05 03 2015 00 44 03
21748	05 02 2015 21 26 46
21747	05 02 2015 18 07 42
21746	05 02 2015 14 40 22
21744	05 02 2015 11 14 51
21742	05 02 2015 07 16 40
21741	05 02 2015 04 31 56
21741	05 02 2015 04 31 56
21740	05 02 2015 00 50 19
21739	05 01 2015 22 18 35
21738	05 01 2015 18 57 36
21737	05 01 2015 15 31 05
21735	05 01 2015 13 33 42
21733	04 30 2015 23 55 54
21724	04 29 2015 23 39 35
21723	04 29 2015 20 32 57
23115	01 29 2016 21 26 59
22684	11 17 2015 04 29 51
22682	11 16 2015 22 41 48
22682	11 16 2015 22 41 48
22682	11 16 2015 22 41 48
22643	11 11 2015 23 27 16
22642	11 11 2015 21 29 41
22640	11 11 2015 17 47 45
22639	11 11 2015 15 31 31
21903	05 22 2015 03 47 26
21902	05 22 2015 00 38 40
21901	05 21 2015 21 36 42
21898	05 21 2015 15 04 49
21895	05 21 2015 06 46 44
21893	05 21 2015 01 30 32
21892	05 20 2015 21 35 29
21891	05 20 2015 18 55 56
21890	05 20 2015 14 01 51
21889	05 20 2015 10 44 17
21886	05 20 2015 03 13 47
21885	05 20 2015 00 17 57
21884	05 19 2015 21 08 52
21880	05 19 2015 13 47 52
21878	05 19 2015 07 53 58
21876	05 19 2015 02 18 34
21874	05 18 2015 18 46 37
21865	05 18 2015 03 48 05
21864	05 18 2015 00 38 19
21863	05 17 2015 21 29 45
21862	05 17 2015 18 33 05
21861	05 17 2015 15 18 51
21855	05 17 2015 05 11 44
21854	05 17 2015 01 59 34
21853	05 16 2015 23 02 34
21853	05 16 2015 23 02 34
21853	05 16 2015 23 02 34
21853	05 16 2015 23 02 34
21824	05 13 2015 03 21 30
21823	05 13 2015 00 11 38
21822	05 12 2015 20 53 57
